811309989675565056
811356763601584129
811362564311420928
811149239610908672
809529523230404608
811270361690046465
811347533255483392
811355954394501120
811338943090171904
811233741188333568
811141605499535360
811288836332367874
811360563725029376
811360720461950976
810585421587632130
810560270447874052
811331718091313152
810956984946020352
811115213005144064
802218392015007745
811208892327804928
811343055055790080
811330388811546626
809903557336043520
810604760629788672
811340736964784128
811361494101159936
811336299613458432
811363216139939840
810816973202460672
811300618627321858
811101388172238848
811265788799844352
811040252819341312
811277511963201537
810839675858485248
811142685251739648
811301917297143810
811361793310392320
811317005819199488
811303990625533956
811194451620044800
810905059945041921
811132979858636800
811353634101264384
811324288418476033
811018198200057856
811208425405292544
811360699423264768
810998369640476673
811288863096401924
810952965104214016
811362230574968832
811307690874064900
811331628194635776
811353988973084673
811297122599501825
811344465302552576
811134270907568128
811321808200683520
811361281328500740
811348019648090112
810009604763643904
811333096687534081
811361780060524545
811354777179291648
811300162723188736
811195744497659908
811256249518014464
811300343644651520
811330710023835650
811243224383766529
811320870652309508
811338705889820676
811349417940762624
810968002577465344
809473108809842688
811320828071526400
811265679978532865
811252191470252037
811363863933243392
811306182774243328
811342887644528640
811251469626253316
808733613978255362
810413606525435904
811352848361459712
811330342795837444
811286077432545281
811335616730435584
811359858448592896
811357596594610176
809821337393004544
811224684704346112
811319104917348353
811275029543579649
811134048680677377
811228598103404544
811185917369217025
811360393436217344
811222483982581761
811337242413322240
811355779517190144
811017060000088065
810502397655220224
810921694370164736
811248658972864516
807755668648300544
811278464825327618
810564929866571777
811320019732795392
811358292865781760
809789521890082817
811320428606132224
810918882592649216
811349230975471617
809156771554197515
811285145932144641
713721334900080641
796812642048503808
811092477394452480
811281794783920128
805330836577021952
722395887499141120
725736606737555456
810077302801448960
811319054808055808
809056935492415496
811243737695260672
811295913725542400
811087322976546816
811316750704844801
811336961776644097
810663433028993024
811263206467497984
811360102422904836
811145228266704897
811157478872416256
811315242772766720
811174771857719297
811350659320553472
811365989493444608
808703264518766593
734917406485684224
811315749113524224
811244972267765760
811366699215757312
808391320083566592
796006766966427648
811343259792449536
811365769506328576
807585676267024387
811360946320863233
811360548424028160
809541306724810752
807528194014183425
811310112799342593
811313383538573312
811270679576408064
811243851759439872
811151165488529408
809456479090589696
811148231539302400
810911667232133120
811331081857335297
797808308321210368
807334235887587329
811363735059075072
811296382992556032
810914454615523328
808038011342561280
811352991278112768
811339626044686338
811366563756421120
808526886716338176
811224661157613568
811365989396971522
811149718839554048
811157665170628608
811300742350958592
811341813281746944
811364938279251968
811245216887898113
811365290495934465
811225520784502784
811238234273488896
811305991904067586
811365953640550403
805428090889535488
808278557491396608
811365376713957376
811352144762675202
811020853295116288
811364154065948672
810934331879395333
811300631269015552
811358074216792064
810849805752823808
811130025047101441
810340179781165056
810590888594378754
811134052241645569
810326043798228992
811322707400859648
811261885542711296
811235545187753984
811149879284269056
810522732999933957
811365658655150081
810585754095222787
811209328891990016
811334819657502720
811356767535800320
811261968342515713
811358609317695488
811328485188743168
807613613104132096
810476171167236096
811199251850153984
811259412975419393
808430732674822144
806254498960310272
811337016961093638
811345843135582208
811364364569677824
811156973148192768
811346504849965056
811303055320870912
811366611529691136
811333774382399488
811364335125676033
811306442183634944
811365568871858176
811365336746512388
811189256597094401
811125278223302657
811234824858075140
811353044843712512
811341084068638720
811349026230571008
811030867766378496
811262464524480512
811343009044434944
811328843302707201
809162254511964164
811346029182230528
807261863029284864
809580513291812866
811366126898835457
811344668877320196
811250607780745216
810537137170853888
810833520893497344
811176686645559296
811218431236247552
809880789777338368
811296979259183104
811073714653642752
811330428653207553
811015983817105408
811261415314968576
807346595725512705
811330840168960000
811277620453265408
811312116485459968
808919519318183938
810899247893614592
811224348963074048
811341458078830592
811249417487523840
811300141495746560
805987829859774464
811328436685967361
811248158793666560
807269813051621376
810203364466139136
811180177099227136
811042917489876992
808865534544609280
811367583630790656
811366184067223552
811018522214006784
811014392460414976
811288879181529088
811303563523715072
810652472217923585
811345441782513664
811224712961544192
811353280282578944
810595563154665473
811332900499189761
810810157865271296
809880789437575168
810862744568205313
807717036726034433
811315401049116672
811330676452630528
811253160534831104
811051003076313089
811052029149908993
809911142739017728
811112391358480384
811177344840957952
811362569910947841
811292871127171072
811353308786987008
811179343263232000
807983646552559616
811367633983447041
800816023494676480
810878040255381504
810551712318627840
811016981826519040
811209702285737984
811351025332420610
811275850096214016
806330489116233729
811360763424161793
810560303117303809
810856021207945218
809805311519375361
810959563474272257
811367625200701440
811354130757259264
809607229393420288
811298824488677376
811360703948824576
805531414183735296
811361421095268352
811315080663076864
811364348597850113
810888685340200961
810907956858552321
810841813485584384
807678177162174468
809526208601923588
811211064566312960
811244301082656768
807801071410286592
806815449778360320
811364340213411841
811365246908518400
808021782233944068
811233385062498304
811315518925742080
756559677752684544
810586835013353472
811361640696442881
808347675112407040
810976237212536832
811362298271059972
806317211157557248
808628337128181761
810906139458207748
811031724054355968
811293511974785024
811272517923078145
811308468321841153
811287167888658433
811347469061726208
811035381822951424
811077973096984576
807249860491673600
807421253564985344
811359899678609408
806868667191427072
811352100789780481
811301881058246656
809518875092127745
811241503301529600
810663967798398976
811225208271106048
811365683971768321
810200704858161153
811322739776782341
811360546159108096
810313281109954561
811266369497006080
810414195028193280
811213388072230912
811312734801301504
810878353762828289
811232196560199680
811170623737262080
811375433241329664
811058548994097152
811342711592783872
811315448235040768
811009729401069570
810937836761444356
811277442690256896
810928561846530048
811368087882756097
811374123708465152
811375352073322496
807216251512700928
811374092616142848
811270025554305029
811375137056550913
811375359153340417
811164277759414272
811375369345499136
811340205697409024
811370346062483458
810480243672829952
808492926552731648
811368380028612608
810578081509347328
810922680530636800
807420825527783425
810992241871388673
811250041063174144
811224684306038784
811316486794948609
811267785649164288
811305210731724801
810999053148372992
811164356864045056
811292509779427329
811175733854961664
810657339997126656
811373727493419010
811205834470461440
811371050084679681
811369902003122176
811037330739961856
811374933448105985
811130569023246336
809272765534629888
811307966557261826
811278591635914752
811371240283770880
594545359625519104
810899235218407424
811245748952170497
811206502597935104
811335420176924672
809465549142958080
807673847633874945
810832059195420674
811365235714117632
811194446465400833
810969522945531909
811263196828942336
811305903131607042
810963555818336256
811230418045440004
811258208195117057
811232268031246336
811348384552366080
811368514208419840
811363068139671553
811353924766601217
807082175686393856
811244710530383872
811272755572248578
811374409361432576
811052562766004224
811248119862231044
811080998633046016
810305154415284225
811355089344471041
811315758106034176
811365604229808128
811373658325319681
811250677603323904
811283651967287301
811354447913910272
807066672498667520
811374979111677952
811213713852112896
811368740310761473
810651286198571008
811375294154149889
811022401299501056
811249378287566848
811367259474169856
811374477552402432
811374497987231745
811374009564725249
810691159387291648
810998039112318976
811191098756345856
811359291462385664
802641344028151808
811380699609657344
811239649255550976
811261301989249025
811374965169782784
810840922346975232
811326709492498432
811357335591456768
811382830467055616
811380553069056000
810662662208102401
800920483013201921
807751212753793024
811348473219952640
811382791141265408
811326750714187776
811197003048882176
811379189072953344
811122720083734528
811381624357130240
811376694703493120
811371784079556608
811376817047277568
811169443153936384
810917686326730752
810549263532965888
811263592922316801
811197969420681216
811382090541502464
811326503120240640
810958199113261057
811196913567420417
811339828755197952
811375723827134464
811255155115036672
811020887432511488
811252280481771520
811373724750508032
811126498186825729
811379121058152448
811382515927838720
811382208023773185
810922903697059840
811369163482628096
811378611995279360
806600633675456512
810998542852624384
811371943706370048
811367948833067008
811284786333581313
810308553558949888
811378771462914051
811181649555812352
808725286451838976
811372742524145664
811272655617880064
811371273385148416
810989608460652544
804443436778659840
811373290048593920
808463659915677697
811379450290012163
811373741724737537
809896944172670976
806946734316417025
811376897967984640
810666666136899584
811006991002963968
806596884043366400
811251236209037318
810938202194345984
810622058333896704
810987519357681664
811194929460428804
806908296019972097
811157206594973696
811381346698264576
811170370749341696
811007772334563330
811378523743121408
811240183681208321
811219586863497218
809381645694287872
811019361548980224
811379843245875200
811376400271872002
811338198584586241
811328795085045761
810934111091257345
811300983997337600
811376768024190980
811382313200340992
811186993359163394
811259038616981505
811217734029561856
811234701096554497
811379005769269248
809452602400407552
811372171574394881
811201328244551680
811374722306965505
811236024055697408
811236747875119104
811371478490947584
810479444540395520
810888697663094784
811179702044000256
807719004345421824
811386772240420864
809066742035124225
810931975901081600
808420121437798400
811386557693394946
811256533891719168
806236181243510786
811390545771855872
810956631408316417
810952885366386688
811390192179363840
811134239488016385
811340405526495232
811380351708774400
808375499865128960
811317400385699840
811385859282976768
811389840944144384
811216475323240449
811111897135075329
811205666564145152
811289074963128321
811386963068469248
811390288644210688
810777954477293568
809442320202379264
810937769635835904
811371781428678656
811120237240270849
811029655276912641
811331664861401090
811322462180937729
811369439463698432
811293020729593861
811224645072322562
811384391092027392
811385989386162176
811389797176672256
811383318650515456
810635966805377027
806233797901619201
811386623174803456
810938208670351361
809876146041081856
811327616603004931
811264251574812672
810810145475272704
810878519425245184
809337447922495488
811385198973566976
811384452123422721
811205627997548548
811389441537413120
810469670650335233
811165981808607232
811217163713388545
810906286208548864
811390267764961281
811333497923084288
811226666009853952
811311214038892544
811389356116152320
811279172349939712
811366933824147457
811375651043282944
809185792279117825
811389997156663296
810752591105658881
811263353142280192
811281745026891776
811385785505214464
811388074659840000
811389805489754112
805414179201044480
811387926512799744
811346136518787074
809458695616634880
809897510483460097
811040622861750272
810198807665397760
810652819309129729
811390392700694528
811375962751455232
811329312225972224
811355004703539206
811260052036354050
809849491650002944
801508735889899522
810603044450816000
811259266321387520
811222052430548992
811381234777595904
811211466720313344
809670680241434624
810883773822865408
811390740249145345
811395775502499840
811369478390943744
811127813663244289
811301509623324673
810551221480099841
756347746945110016
810820448707575808
811366193961594880
811313402660474881
811074918427213824
810922226853691392
811155922663960576
797076783568916484
811393217488883712
811015766363557888
811396985278238720
811397936483631106
811033040340324352
810578329501716480
811393552387284992
811395403673313280
811013268139606016
811119614587351040
811392267734908928
810515300311515136
811184336246448129
811398080989802498
811314288291770368
811353391427305472
811224897443758080
811321315021963264
811390915654729728
811360638509391872
811360839492141060
811029580358131712
811394213271261184
811059403180965888
811337214084976640
675344711515787265
811380998080368641
811187484310863872
811395301579886597
811395650847997952
726864855504949248
811392165637132289
804867476928479232
811196948086669312
811325251745443840
811285289188593664
811293709283233793
811396876742356992
811394868165672960
811397316598964228
811395712630030340
753642928262750209
811217088975085568
810582254028288002
810974794875334657
811395939101503488
811335660665597952
811391267796111360
811096323235676164
811396137425010688
808702808480509952
677858879309508608
810906460297302016
748654809796984832
811392219831746560
810881061714542592
809805525328216066
806953839051968512
810978350063816704
811271984520699904
811300169845276672
810884291085352960
784873869559541761
730864579933310981
811213492078440449
798559441654284288
766771780522389506
751464520984489984
795360297372393472
811396577269006337
673952127497035776
535846647079923712
811246986255011840
811029032078712832
810533895858851841
811396556482088961
811388110038831104
811396483224219648
811374492970844160
804682659460972544
810847576060788737
811380771789426688
794646404249612292
779647565398671360
805309592775204864
811377000145420288
811186408203440132
811389468460675072
811397782200152064
811391098346176512
809424827081691136
810889950354931712
811395753751052288
810469970677268480
811397849703444480
811392014763835392
808250367553269760
811332144362618880
811397473050755072
791002833499791361
811141765671616513
809805929344593924
811659966197080064
811660386231402496
811617259370201088
811648421803282432
811255220189724672
811496450400067584
811632659197784064
811657950158868485
807148105372205056
811638965623291905
809020136862744580
811134136874311680
811575715170631680
811657529604407296
811609154590633984
811595605726392320
810509377903935489
811655831615700992
811654741621141506
811636000770457665
811038799228731392
811655648438059009
811224643004678144
811661663526998016
811576319469375489
811508069574340609
811271837615292423
811532095340380160
811563282205130753
811410939199115264
811660770647928832
811661657676005376
811562204671643648
811542155001024512
811576008004472832
811625094695059460
811617235894697984
811506472010022912
811572547817009152
811481506313076736
811655746949677056
811338038135705600
809098185922723843
811618101200646144
811609446766047232
811566325831204864
811657952746606592
811608790923616257
811624936297103360
811626063432298496
811658974995030016
811647721786507264
811646288718655488
811659941937352704
811609430370516996
811629153229406208
811654960425340928
811623598016368641
811642683525632000
811657002585849857
811466488670552064
811617317008404481
811657545869758464
811481346795311104
811656901633003520
811557240616448000
811559429841817601
811489017216831488
811481552068677632
811620924063617024
811579597871611904
811541844479852544
811573479342538752
811489035499794433
811661162781769728
811529700510154752
811620691292409856
811613183484030977
811633609526362116
811654898714574848
811182333575516161
811603850595618817
806222345778135040
811640934786076672
811656969463296001
811625325947998208
811638667278254081
811660835550531584
811528347624808448
811607199621513216
811230501516283904
811661656094871558
811632364874960896
811489583032434688
811661599672934401
811581729202966528
811632431174447105
811639906330087424
811285333690159104
811483656992804864
811129618061213696
811609113805385729
811661215990693888
811580471691853824
811587639811993600
811661510883864576
811515613512429568
811029693721878529
811660880047931393
811661044825194497
811624588127989760
811613659751391232
811587053808807937
811491674035785728
811661428264411136
811661422904180736
811544744606265344
811651003540008960
811511131047075841
811601150822805510
811610778616954880
811567763345068036
811570233676800000
811512450063499264
811617242722877441
811661637765603328
811593018201423872
811573238316892160
811540505595101184
811612279422779393
811660299191386112
811519282437824512
811646891284975617
811616825192673280
811659721149153284
811337090642243584
811542257035870208
811661698880765952
811661698818015236
810591485674586114
811649728668635136
810907683494752259
810868679298662400
811661694703456258
811661694669910018
811650581903409153
811535232692264960
809847032441700352
811265442761281536
811657914649903105
811661688315449344
811473186223247360
811648176369319936
811278636149972992
811632046904844288
807313902560083971
811661681562566656
810180629719552000
811661679717027840
811661611006042112
811661675325747200
811592124160471041
811646435326185472
811624782735310848
804417948215431169
811661667172057088
811661666848886784
811661666408599556
811656924013834241
811639674238332928
811661662906261504
811661659953471488
802949950204215298
811661659596959744
811661658884108288
811661657621544960
811661656837226497
811649179055312896
802949956852187136
811633919682576384
811626632280674304
811661650440884224
811661649241317376
811661648586883072
810567322197000193
811661647697870848
811482460055707650
810491991419191296
811661645340672008
811661645118373888
811351077849276418
811164294989479936
811668971602616320
811648181687578624
811602704317509633
811226939474276353
811572548286775296
811641726079291392
808695050234273793
811660573310066688
811527025135591425
811632864060211200
811558949078126592
811613821144076288
811149161676476416
811646588212940804
811640067060011008
810968053521547266
811593321932029952
789922229144264705
811572119968608256
811597600822624262
811655030457536512
811481360720363521
811662282082107392
811505241933938688
811591053539209218
811542152958398464
811042662421843969
811647782037569537
811600403586514944
798767648645316608
811663039632211968
809485613493874688
811248150723887108
808386698946220032
811232590455865344
811666977689374720
811573034276519936
807302640795340800
811511566835318784
811534243251834882
811533842762842112
809322307873370112
811251079342161920
811254928907845633
811552956667531264
811544752038547456
811663624917962753
811669185583529984
811665159072706561
811501663240548352
811643150036934656
808536686795755520
811662808253394944
811668848416083968
811653334029496320
811541983105871872
811483800676999168
811659588168744960
811663854749028352
811638122903650304
809495301895634946
810274278113427456
811667542284570624
811663977646264320
811666799238479872
811496434159599616
811665200076075008
811663091419189250
810218177598783492
811573729964728322
811594909572595714
811666867010080774
811598043011284993
811669185461972992
808071488347590656
811663014625542144
811636695154171909
809818218995089409
811660024292331520
811669119623905281
811668879910916096
811668987524382721
811666725934690305
811542468437147649
811642523949137921
810892120512987136
811662533732036608
811622361996951553
811514290641440768
811626519311347714
811614467180154880
807970440161292289
807320241013395456
811667209567223809
811669004511219712
811601800159694848
811668930347565056
811578788752531457
811629926680068100
811598036665335808
805533241985892352
811603010124214276
811661409645895681
811621373500067840
811587166715387904
811664875927781376
811649747282903040
811588290121846784
809762786494517248
811618626239426564
811669102670606336
811645521899225088
811136952565121025
811516854875389952
811481356542713857
790590140473368578
811375887169896448
811669249647398913
811662532402286592
811668863398117376
811563626490306561
811669244312162304
811569548939902976
804782914626056197
811669239627128832
811036000659079169
811669239404855296
811669235973890048
811648435669573632
811669233914363904
811518144061853697
811669231423012864
811551365428289536
811669229309149188
811662741547139077
810581611829927936
811669228130541568
811669228071899136
811448195209277441
811669226570190848
805434126631374848
811370116327804928
811299820560326656
804427978528559104
811669222669553666
811545837629304832
811575461625102336
811669220706521089
811669219846733824
811656929428676608
811668772721491973
811669216340377600
811664271893557248
804729883620352000
805801688401465344
810503559624073216
811662529357225984
811669206630617089
810989823456526336
810959202264846337
810998462581968896
810980641709981697
811669204504084480
811669203749113856
811669203409371136
808381490576969728
810586526895763457
811669196434272258
811669195469553665
811663631746154496
811669191958740992
811474627771924480
811663406369533953
811669189974839296
811669188414730242
810206763849043969
811669184082046976
811669181951344640
811312707240660992
811594134939201536
811665173119377409
811496576556351488
811671385487515648
811670325381529600
811565236629241856
811591063026679808
811481351220248576
811674907805360128
811466427920162816
811664053198196736
811639127930183680
811641821491302400
811511539714899968
811488882244063232
809810448656859136
811421250404818944
811676387782356994
811522598945357824
811594581225697280
811496740977278976
811656303156281347
811473782485315585
811483823024312320
811649428713050113
811548393877176320
811620490733383681
811640241190830080
811458770916229120
811584599377723392
810244331340791809
808008454933778433
811600959096885250
811499486493233152
811489012603035648
810211973422022656
811490188954320897
811655100666118144
811588390319693824
810548943302094848
811189920496816130
811496784275116032
811648525364764676
811416329949302784
811663787136839680
811676734462586880
811563062192963584
811676449572843524
811484783217872897
811673604966453248
811670884469460992
811488885670694913
811592770779566080
811676416764878848
811671865748033538
811510318908276736
811646344456638465
811669551322697728
811511151863496704
811675093529219072
798775249508536320
811108009367797760
811404705532350465
811671686756110337
809529110393421824
811572740243288064
811676689654812673
807724373591359488
811676672042893312
811505649968365568
811556841243045888
811455979212574720
811524081342357504
802267769945419776
811674626640244736
811607665789063168
811620240220102656
811598548651429892
811676604355244032
811615692793511937
811568223804096512
809840780760076288
811663949322186753
811608507292282880
808781187053473793
801514497299120132
811676799923056640
811372998322229248
811654627804512256
808774240988184576
811673492869513219
811676791064633344
811673097246048256
811676788791377920
810946621684981760
811537722657689601
811640643969748993
811676783418413057
811505283419803649
811520850637815808
796313414268239873
471193094957056000
811655627793698816
811351552883560449
811670962093654016
811671107359174657
811676767907889152
811553719800201216
811550539867680768
811296500483493888
806288681824911360
811676750665121793
811675725107433472
811672166634782721
811245937964318722
811676581403983873
810138725460115456
811676745908617216
811669568074739712
811676742884687874
811676604812365825
811676738795098112
811676737587314692
811676734764548097
800129852787421184
811546440925200384
811676731824373760
811287346230525952
811676730196783104
811676729907388416
811676727655043072
811676727495770112
811676158450434049
811487874390642688
811676717978791937
811684331890483200
811587331408928769
811647842364379136
811617552472436736
811681404828446720
811636607111438337
811525884293169152
811424849478483969
811684326362361856
811619389359423488
811677665904234501
811186231912624128
811684322839142400
811587055486693377
811519096588214272
811662546960728064
811684314123419648
811479112728662016
811530627631763456
787121514780950528
811680171426136068
811532936709341186
810975823557697536
811684308146679808
811632490569940992
810979901482205184
811580782041067520
811473917181206555
811684303960621057
811545507478679552
811592291915706370
810439889263194113
809848536665702400
811424026199400448
811673435579568128
811678919761989632
811679789631340544
811607520888389633
809123409699438592
811684194959007745
811677686536044544
811671410666045442
811679274264498176
811677579618975745
811678247058632704
811679652846718977
811677633637273601
811219974723399680
811680732254969856
811547282264952833
808306879415910400
811679985652023296
808378535559708673
811678115034345472
811654700806402052
811683652954427392
808359498721226752
811680094615928832
801447781479157760
811549044996710400
811683941421826050
811496576631930882
811614225344794624
811557347252436992
809762054089408514
811683663700226049
809867984072220672
810812531107360768
811632366963818496
811487330431279104
805433339930963968
811683947667013632
811684118857732096
811655755522777088
811678204704550912
811568015342964736
811640932730859520
810927350569455616
811605293343903744
811684303654490112
811571896634458112
801816106373644288
811682543544188928
811541741790580737
811584732899274753
775802748029710336
811544042223845376
811470505119285248
810170580251054080
811487789002858496
811677602964537344
811587132741611520
811352886659739648
811360856181272580
811684203960090629
811498830046826496
811683429481725952
811493972233359360
811684169390624769
805068431624204288
811684349544431616
811684153909477376
811614116792172545
811684348009119744
808661153966620673
811684346763481088
811684346323148804
811684345874366464
811684344112627712
811322966612971520
809451943760433152
811679387196104704
809094879540195328
811588672311201792
811684337255120897
811677831079940096
811684334608547841
808428880319156224
811064090533724160
811684167247429632
811655169783918592
811684328371605504
811659359407194113
811683871477612544
811682251545149440
811684321077719040
811684320293355521
804720279759048704
810228142090686465
811684318087147520
811655143057985536
811684316229107712
811684314266169344
811683951492276224
811684311392993280
807268549546967043
811620400023175168
811681346661838848
811684303893471232
811684302987599873
811456658698182656
811684296939319296
811684296658300928
811707893833576448
811651462254170112
811707757183180800
811493397093646336
811594881118257152
811042985634693120
811685326230003713
811694704979017729
811541819062423552
811592627523031040
811707722471063552
811416673315999745
811702159171588096
811587632853553152
811315251887030272
664107271987834880
811692737615593472
811702950255099909
811703869738622976
811706279018119169
811705480896716801
808281512806387712
810984884365705216
811703356817362944
811200453048487936
808320725291585537
811705601042456576
811684838298230786
811698991192801281
811708000473845760
810821368837263361
811518944473448448
552607278986457088
811706177163849729
811707656675000320
809812582584479744
810175773390897153
811594585298243585
811431841626406912
811429818801750018
799516080456826880
811702652098613248
810712029765849088
810255870739251200
811567749667454976
811694767495147524
811665427143290880
372392018665676800
811693463909597185
811686134556168192
811707834262032384
809127514350256128
811301087261163520
811481178184253441
811556835689897984
811017972202381312
807970091287638016
811690693672497152
811708122188353536
810885409127309312
811407788702240769
811708071256920064
811702532057595904
811685199184588801
811670720304418816
811398678338408448
811697505633042432
811708276853407744
811705316660379649
811708268624101376
811535799779004416
811695584650334212
811471688487632896
811586428387921920
810556557935177732
811708245261828096
806526045667074048
811685998476357633
811708233010118656
811693459912486912
811255550340173825
811701042371039233
798882606406397953
811706316314001408
808967468505038848
810180730466791424
811480477446062080
811708120951037953
811693480850296832
811708314866192384
811708175690907648
811698685000097793
811708313561743360
811708313222008832
811708307819745280
811708109156651008
809571379792281601
811679427344134144
811690429737476097
811624225408688130
811708302946025472
811708192979881984
810888935496937472
811706629452398592
811707874862923776
811636419550711808
811708294578343936
811708293848535040
811770146637410305
811709314767392768
811736776213692416
810340847740981248
811760171861078017
811721984040169472
811617615588114434
811773005261053952
811647476830642176
811658957781667840
811580638805499905
811694033408028673
811572625680035841
782967440351174656
810997580108689412
811774773017485313
811764627998527488
811677504121356289
811784699060203520
811422237802819584
811709051226591232
811716026119426049
811781767661166592
811617874120949761
809506257069625345
811604401047605249
811722928157036544
811677072452153344
811765454020771845
811785660306751488
811751187372474368
811781491764011011
811738531005657088
810347581561827328
811542107924131840
811018056587579392
811783997571403777
811731035004104704
811758970448658432
811788024748986368
811779443249283073
811787933455908864
810982740937961472
811629634207027200
811745814485864449
811787898802606081
811787889692573697
811722391814451200
811118943280635904
811636217175478274
811784422676725760
811500211507957760
811663222939979777
811623049376264192
811775495301984256
811722968468508672
811783111637729280
811726338843348992
810922675686281216
811787721916219397
797283151097823232
811724106349613058
810942988587270144
811579546529042432
805910178193436676
811756416990138368
811787620527308800
811762141430685698
810151707602718720
811651126823153666
808854398973673479
811697926854606848
783320202977112064
811784998151929857
811624960657526784
811779717300817920
811617617626669058
811718284496277504
811399401562193921
811755652032921601
809458001383985153
810854516748877829
811777129339727872
811578467406016512
811743112527835136
811776658835316736
811646114474512384
811278881223102464
811787121182855168
811787120088154112
811776599968215040
811772041540071424
811772027476525057
811659774634946560
811771436239114240
811776536630071296
807000774383374336
811680567506911232
811775086713663488
811782636024852480
809457483077091332
811776093074182146
811785496158310400
811775927034281984
811775459205779456
811684678746996738
811451831964418049
811173832312516608
811722794971103232
811787101528322048
811451989749940224
810872022851088384
811782604185894913
811723168171880448
811694153545322499
811784405169672192
811728035045142528
786515121354842112
811784248990593025
811772400601808896
811686651332161536
811746839657488385
811748823794122753
811746913246646272
811788036073811968
811704207501914112
811516718635827200
811788033741574144
811587122197098498
811788033196429314
811788031770370048
811783411048284162
811788022240989184
811788021980745728
809407440659714048
811784559305977860
811573275075743744
811609476050649088
811788017904091136
811788017467879424
811783215618859008
811788012011061248
811788010710650881
811788001101479937
811788000547995649
811073097507946496
811774962935664640
811745378773057536
811653545032380416
811787986735988736
811320778969018368
811786683922452480
811783574412201984
811674024032043008
811787980239085568
811787976875216897
811787976850149380
811787970269224961
810579303679160320
811767063924604929
811787968172199936
811787967484350465
798739858785271808
804409397308952576
811782353756495873
811788042591555584
811578978553253888
811809693987241984
811817144396562433
810788140315250688
811805764348035072
811411118421934080
811817474819821568
811761046390120448
811795109997998082
811283963528511488
811641152042663936
811814025491283968
811692728413290497
811686634282479616
810499025459740672
811483096130486272
809080937048932352
811812964806184960
811694647022129152
811732783433482240
811026717393305600
811711122294247425
811816121242415104
811802240071516161
811817295483764736
811334875106119680
811818272551305216
811766485895024640
811815100550156288
811818129923997696
811488248174215169
811817542276829184
811817611105366016
811817759436849152
811813522841534464
811817920284291072
811813520723628032
811281399563059200
811804927735386113
811795625415180289
811814927866458112
804728465668931584
811817359082188800
803909279883337728
804717780633341952
809779699664777221
811657529247797249
811817381496492032
811817337603129344
811805718332473344
810251190986379265
808717651027496961
811817132271009792
809905914325168128
811141768599183361
811467184413216768
811515593606184960
811684824255696896
431533096626688000
811807144655785984
811788542053588996
811818002278731776
811815277327503360
811496437464842240
811805428220907520
811808944045883392
811817786007699456
806118820813426688
811808938777804800
811556918380544000
811782120859463680
811810220825423872
811783397702008832
809603122062618624
811552276557037569
811679629694025728
811723822349094913
811747548650033153
811700277073973248
811818009056583681
811818003759173632
811818307133259777
811818301311619072
811818298862137344
811061093476929537
811818296022626304
811818293661224961
811818292839120896
811805091741057024
808902974043025409
811740586629877760
811818281707442176
811818280293986304
811818280222498816
811723013213323264
807347356089876480
811684383086223361
811815146620383232
811818270126796800
811798925115936769
811406423619825664
811818254045945856
811737687308824578
811818249826381824
811818241559437312
811818238296358912
811818236723478529
811670712498864128
811818229316407297
809225059541794816
811806751875997696
811818216607674368
811818208827232256
811818207426191360
810258724514385920
811818193203380224
801380587957161984
806996495018782720
811672591735914496
811818183464103936
811811975457951744
811818176237420544
809967024189247488
811818170038321152
811809823427887104
811150242070544384
808970169401819136
811818157266583552
811672543308480512
811816172849168384
811818146315255808
811818145912528897
811723462276485120
811753865657905153
809276805454565376
811836196309471232
811722288450207744
811013314499198976
811213689063952384
811342236415881216
809444908721442817
811706061644185600
811839302250401794
811734430914068480
811847565612380160
811843944636096513
811583156432359430
811587499600420864
811843720228155393
811848512019238912
811516682548166656
809371178800390144
811824404992823297
811695867187052544
811848502271733760
811828623531356160
809865695848583168
811834157592547329
811690418899324928
811698886720909312
811828856525094912
811723001666433026
811844227856531456
811615715862151168
811677639094206464
811502875608236032
811499694387888130
810182832807153664
811545019060461568
811255435936366592
811840809410641920
811842971922534401
811837810470744064
810424370157846528
809711576680988672
810665958561849348
810788736342650880
811843721884889088
811805572253315072
811795440840667136
809033210856345601
811848069629300736
811839613878804480
811839853088210944
811838277208576000
811847564978950144
811838342866169856
811847527578222593
811789383699296256
811575711001612288
811832414175694848
811674709884600321
806806075705958401
811848472043388928
811632179881136132
807335191555342336
811848287540101120
811848288949469184
804602119005306880
811848329441247233
811715510714957826
811841377088786432
811570342267383808
811813745093701632
810767483045036032
811110925109444608
811848119767941120
811483972823842816
811717313925783552
811842933833904128
811835033069686784
811848217922965504
811848419836915712
811832395519303680
811848415642533888
811728492375093249
809396805419012096
810987585858400256
811836053296287744
811549382659239936
811846489232158720
811545634180370436
811809157858803712
811555721292591105
811822540515667968
811848556491448320
811821179073888256
811702341648912385
811743096425758720
807077290970648576
811848544894283776
811712105783169024
811848538665558016
811841740718166016
811848519770402816
811848518767738881
809235811044462592
811633093769646080
811848513730449409
811612011440312321
810565338697990144
811848500552024064
811848500522561536
811848499281043456
811795565050634240
811848495824912384
811733910149337091
810041980860428288
811848487801389056
811703121252597760
811662530791649280
811696893231333376
811848485523685376
811709644037038085
810963464575389697
811848479400226816
811848476149444608
811848475193151488
811848472584302592
811795425569087488
811157275561828352
811848457589702656
811152484592795648
811848453894602752
811657597292019713
811848451012952065
810087329880768512
811724533426221056
811828086186524672
811750003555336192
811507460506787840
811848434088955904
811848417668280320
811840472901677061
811599716421136384
811391522788687873
811827594148638720
811856807731888128
810853829667340289
810898692526010369
811876922720395269
811873859481849856
811609914342666240
811878508423249920
811813616655679488
811878641995051008
811876011889610752
811874268355166208
811862687152033792
811878772446203905
811174600860172288
811860140597116928
811859102829776896
810919571662262272
811854550118363136
811871461120114688
811876040905814016
811847494871187456
811875096000397312
811864015991410688
811869380942430208
811284734139568129
811874157940109313
811858954238230535
811873848773713920
810810975561584640
811871243481808896
811764962632802304
811862421195411457
811874289989337088
811698537851404288
614807981188710401
803927934100762625
811557299181514752
811531590388084736
811867647247785984
811878527813513216
810405228789006337
809728570511818752
805018951151403008
810456315281735680
811876803530866688
811863800383160320
811878095057719296
810922405308854272
811864813588488193
811611710977019904
811874274160021504
811630951138791424
811110801604014080
807555729351671808
811864035528507392
811511880619409408
811875654220349440
811869674388516864
811878670231044096
811851412464398336
811869379243704320
810771407462420481
811875940359880704
811878485652361216
811867564636835840
811878224166850560
811868144017043456
810957870116306944
806557931114266625
811867450690113537
811878318760927232
810590063981694976
811866761431838720
811398570532360196
811770350333632512
811863233766289408
811878652522565632
811876985429491713
811863280528584704
811389173781434368
811854361865420800
811878372401762305
804386027548749824
811873922027323393
811878803005997056
811877959862784000
806149923087347712
811878792847179776
801252460559876096
811878789357518848
811876371458834432
811878776766275585
802105870251343873
811859374100672512
811878774195290113
811878769845616641
811711576675905536
811746262261309440
811254821860872192
811878753370570752
811873675796418560
811195093486968838
811575910415613952
811857812577992708
811878743601840128
805892447339319296
811878741693505536
808256647537770496
811192701429260288
811876696450301952
803863884608270336
811821276864122880
811859014225104896
811753128546725888
811871914419429376
811866548889591809
811878714539671552
808787670260281344
811296454929219584
811878703257059329
811878701340078084
811876041027420164
811865963545133056
810265073969139713
811879386270072832
811563175929933824
811536057745477634
811858568253243392
811889414330785792
811760828852539392
811890787835256832
811866891652370432
811853845500411904
811880323298557953
811858574485790720
811846186051178496
811873926028677122
805488589748535296
811893319680802816
811891586602831872
811851530148151296
811881468381147136
811612319042203648
809443138687397888
811883953409773568
811788073738637313
811880104934723584
811893424236412929
811512205803978752
811587160080023552
811889261968494592
810477352476151808
811885510289457152
811514787305766912
811890793652752384
811846318314389504
811893822116466688
811891407313137664
811893770438451200
809445745891782656
811828258626936832
811879658132213760
811852507450314752
811883835147350016
811885778045374466
811557652337725440
811888526891614208
811879495359676416
811735323558510592
805187595936432128
811885867862200321
811866550248542208
811892865068650496
805798155342200832
811886000091922432
805887045130391553
811892853622317056
811891057663377408
811882027947593729
811887184588525568
811748385267007488
811890644461486081
811890178277130240
811893219600564224
811893627819532289
811893595653468160
811893585960378368
811893558504525824
811889146327400448
811886651383234560
811892449165590528
811881631179034625
810521198354382849
811949474058747904
811966409483882496
811946618329174016
811958928724688896
811950160498528260
811231388670324737
811966278130802689
811964546692878337
811927755260620800
811843885949390848
811965271221161984
811937023900708865
811967856216829954
806433671674822657
811967205659254784
811965039016050688
811965098201903105
809763901269299200
811603975443255297
811919748548136960
809354332193910785
811934895459201024
643853092354715649
811963879983038465
811843871349108738
811720503748685825
811934835145056256
811860013220302848
811904854159409152
811961157670076417
805322686884958208
809822462733156356
811677890303688704
811941872033734656
811965235976425473
811921489209552896
811944320525893632
811965932172152832
811961770315251712
810093673488744449
811903541304586242
811919225686282241
811924544730624000
811963519247716352
811945114062979073
811957031091523584
809882819115810819
811858425055477760
811950181046423552
811838212935061504
811909911701491712
811967470936477696
805792522937237504
797563051016916993
809103235990614017
783747880792236032
811206289128910848
808900183304130560
811967276241002496
807995536678719489
789364813474435073
811954350415343616
811962949128650756
811967171236483072
783324768497991680
811934349729865728
811932306030084096
811949515389317120
811862748359491584
811926900255899648
811924109059915776
811928281142398976
795237892427759616
811913445494947840
811966959780790273
811948374421340161
811938527021826048
767355744895336452
811606205424664576
811958502453346310
811967691724505088
811936614599524353
809549571835752449
811904837004697601
811967660393107456
328599759013150720
811504863813115904
811938032806989825
791754350112616448
744540652113899520
805049225046355969
768825343268487168
811951119291285510
779376418656493568
811962977649758209
811967888978493440
811557236220764160
811956974116016128
808969422245396480
811821218680606721
696379653456433152
810820910693421057
811943251326472192
811710464656752640
811949947109179392
811964444666232832
802078125375062016
811961753580011521
811964920820600832
811936767372853249
811853267227578368
811677632945332224
809701217928708096
808676623595749381
756791002879365120
680296790294458369
811905997061099520
811967901955522560
811875727234699264
811819152402944000
811963827101335552
803552415698087936
811967898583465984
804103185703038976
811956663225876480
804113641490497538
804388391827677184
808840782987792384
811967892271013888
811733866880897029
811645412650131457
811959988407201793
811948896511401984
811933059146719232
811934473772269568
810948821731672064
811967884301922304
811967883957956608
811961797167218692
811967881680453632
804193687135731712
800742387010113536
798709146535112704
810439240387416064
811762683301294080
811967819273244673
811967871077281796
806661409903931392
811967870393532417
811967870389387264
808021244213805056
811967867587592192
811967867411464193
811967867038158850
811948998886092801
810074964246331392
811967865549193216
811967865150644225
811967864886300673
811967864504717312
811967863347089408
811967861401014272
811920389337128960
804740257602301952
811967857504329729
811967856611094529
811967855403134976
728222225850077184
811967854736195584
809447421608595456
806587642058051585
811967846054055936
680297820264488960
811964169692053505
811967843738664961
809460057805123589
811967838219079680
811939536603332608
811967837161930752
811937915404062720
812011706541101056
812013257456164866
811965065431814144
812005238265745408
811970536020606976
811991134461366272
811987385730945024
812016321097584644
812010745160499205
811961945280643072
812009898884157440
811978017329266689
812007285719330817
812008184592420866
809803826270273536
811971931801088000
812002952135213056
811972473537359872
811985411329458176
812010991273836552
805849628344221696
812011436872437765
811977672356229122
812011827710148608
811979943211048960
811752799851741186
812014046937575424
812004499883749377
811979252556070913
811959587335262208
811949445222830080
811994802392854528
812003515941998592
812006832449404928
811998489978646528
811929285904728067
811934944771670017
812012583330844672
811994752115613696
811998585000697860
811929288236625920
812011764229382144
811925559240523777
812004747708399616
812016364462317568
811969355063951360
812013520015327232
811998588712718338
811995891418730500
811991892749647874
811980055240933376
811714455809757184
809566765135134720
811940666175586304
812005807046922240
811832953470861312
812009898666033152
811928172191223808
809802245093068800
811973399467659264
811970633282318336
811430903327162368
812010823182753792
811791963703767040
811994562361257984
811949470099369985
810103349534138368
810802175257563136
811613878110941184
812013627104493569
810880087449071616
811949435617939456
810860149862780929
811970858503864320
812039015645880320
812025147855163398
811984416016887809
812040287908458496
812038545363914752
811168522080555012
811708966417743872
812043093834747904
812021423741042688
811939204850651136
812025405616095232
811398164724871168
809432794539720704
811884210021601280
809807987023945728
811941739862822912
812032741927632896
810906043286949888
811984308881727488
812021614502117377
812043660493778944
812034761560621057
812043201829859333
812024987724972033
811859060832272384
812039687770673152
805909840191168513
811798423385079809
812033542767214592
812024959128268800
811398258257862656
812042232295542784
810797600391761920
808288546708738055
812042689319354368
811671846001213440
811985495316111361
811666561723408384
798680354307457024
811964438483976192
811746698917658624
811925013288910848
811904941719699456
812043677514268672
807955638248685568
811788633778728960
812020942675341313
812043637118775296
812022355996409860
812043675270316032
812042926490521600
812035060266319872
812042120710287360
811724912566108160
811994972799041536
717805326708420609
812043011962130432
812043668651704320
812021619866603520
806641300912996352
811929541807460352
811892435165048832
812043657364783105
811886607649374209
811978880445743104
812043652650311680
812043651639611396
807715763322847232
812029433859178496
812043092023005185
812043646325452800
812043646245675008
812043646002495489
812043643972423680
812043642625888257
812043639987773440
812043639425736706
812043639354314752
811993313712754688
812043638540816384
812043638440128512
812043635562807296
811867636598444032
812043626536718337
812042390211035136
812040572148060160
812042693052248065
812043622581420033
812043620853420032
806965024077979648
812043334415831040
812043619184082944
812043618269745154
812043616549998594
811983519069204480
812025035057758209
812025955229245440
811904763600261120
795882147320102912
812029088152035328
805272726458028033
807059088219734017
808638755104051200
811721166524207105
811397999746162688
812011654699327488
812032465363750912
806278017764855808
811979072968552449
811692726542626816
811730955673174016
811918703512158209
812043571863748609
812041286781792256
812024680701956096
811425444184657920
812009097021235202
812021422881198080
812034920436604929
811971592536412161
811984308529491970
811981477487542272
811935154960789504
812027551484903424
812029040332853248
802240904631296000
812043689015054336
812043689002315776
812023899210784768
812043688348000256
812037783862779904
809801540533886978
810042627160764416
812032464424050688
812021633632337921
811942568380473344
811959282962939904
811987173045977088
811865662528389120
810862463390511104
811974737429692416
810953029214240768
811935018973102080
812003370508681216
811941256964214785
812043710754078721
812043710708011008
812039625149739008
812043706949890049
811593678628253696
812043703904772096
812024787262377985
804243246515765248
812043698473082880
811932579372920833
